1 x 1,1
1 x 2,2
1 x 3,3
1 x 4,4
2 x 2,4
1 x 5,5
1 x 6,6
2 x 3,6
1 x 7,7
1 x 8,8
2 x 4,8
1 x 9,9
3 x 3,9
1 x 10,10
2 x 5,10
1 x 11,11
1 x 12,12
2 x 6,12
3 x 4,12
2 x 7,14
3 x 5,15
2 x 8,16
4 x 4,16
2 x 9,18
3 x 6,18
2 x 10,20
4 x 5,20
3 x 7,21
2 x 11,22
2 x 12,24
3 x 8,24
4 x 6,24
5 x 5,25
3 x 9,27
4 x 7,28
3 x 10,30
5 x 6,30
4 x 8,32
3 x 11,33
5 x 7,35
3 x 12,36
4 x 9,36
6 x 6,36
4 x 10,40
5 x 8,40
6 x 7,42
4 x 11,44
5 x 9,45
4 x 12,48
6 x 8,48
7 x 7,49
5 x 10,50
6 x 9,54
5 x 11,55
7 x 8,56
5 x 12,60
6 x 10,60
7 x 9,63
8 x 8,64
6 x 11,66
7 x 10,70
6 x 12,72
8 x 9,72
7 x 11,77
8 x 10,80
9 x 9,81
7 x 12,84
8 x 11,88
9 x 10,90
8 x 12,96
9 x 1199
10 x 10,100
9 x 12,108
10 x 11,110
10 x 12,120
11 x 11,121
11 x 12,132
12 x 12,144